       1  97.958  95.762                              
       1  97.958  88.589                                
       1  97.958 101.885                               
       2  92.684  85.250
       2  92.684  98.803
       2  92.684  90.473
       3  90.199  94.500
       3  90.199  84.409
       3  90.199  91.775
       4  66.194  57.824
       4  66.194  70.890
       4  66.194  73.666
       5  73.195  72.888
       5  73.195  68.265
       5  73.195  75.438
       6  54.037  50.678
       6  54.037  59.399
       6  54.037  54.823
